31
36
26
24
23
23
23
23
26
47
23
24
23
30
23
29
31
23
27
24
28
27
33
30
23
52
28
23
23
25
30
22
29
32
23
23
43
23
23
27
25
36
45
33
32
23
23
29
23
35
23
23
29
34
23
28
23
23
23
38
23
31
26
26
23
23
23
23
36
29
28
26
48
33
23
38
30
54
34
25
23
31
40
23
23
28
23
24
23
27
25
25
36
23
33
29
39
26
34
28
25
23
32
45
23
55
23
26
29
38
77
30
54
23
23
23
31
28
24
29
29
41
23
23
32
25
28
45
24
43
29
55
24
23
27
23
27
30
31
29
23
29
27
30
26
23
23
45
26
28
37
27
24
27
24
26
25
23
30
29
25
26
23
30
46
24
27
28
35
28
24
25
34
36
23
27
36
33
31
37
23
37
31
23
37
23
23
23
30
23
32
26
26
32
33
30
23
30
23
23
29
23
28
23
28
37
36
41
47
31
38
32
26
32
23
23
23
28
20
21
20
20
25
20
21
27
38
20
21
21
21
21
21
20
21
20
21
37
27
24
21
21
21
24
24
33
24
24
20
21
20
20
21
21
21
20
20
21
20
21
21
21
21
21
20
20
21
22
45
20
20
20
31
57
39
